1.349000
1.547000
1.324000
1.472000
1.397000
1.283000
1.515000
1.351000
1.466000
1.558000
1.479000
1.450000
1.553000
1.642000
1.530000
1.308000
1.458000
1.458000
1.400000
1.334000
1.435000
1.220000
1.469000
1.367000
1.442000
1.578000
1.550000
1.611000
1.563000
1.203000
1.286000
1.320000
1.560000
1.547000
1.658000
1.453000
1.363000
1.459000
1.568000
1.625000
1.421000
1.362000
1.376000
1.249000
1.461000
1.516000
1.466000
1.467000
1.482000
2.209000
1.455000
1.503000
1.414000
1.400000
1.416000
1.265000
1.320000
1.500000
1.431000
1.484000
1.437000
1.301000
1.647000
1.450000
1.420000
4.009000
1.470000
1.510000
1.215000
1.267000
1.517000
1.513000
1.534000
1.326000
1.367000
1.645000
2.300000
1.967000
1.412000
1.197000
1.341000
1.447000
1.360000
1.658000
1.372000
1.451000
1.503000
1.474000
1.481000
2.275000
1.462000
1.337000
1.196000
1.385000
1.157000
1.471000
1.378000
1.394000
1.383000
1.292000
1.222000
1.401000
1.392000
1.569000
1.353000
1.581000
1.400000
2.242000
2.052000
3.283000
1.498000
1.510000
4.615000
1.825000
2.191000
1.872000
1.843000
1.572000
1.715000
1.738000
1.713000
1.660000
1.592000
1.455000
1.321000
1.534000
1.500000
2.863000
1.538000
1.424000
1.331000
1.264000
1.366000
1.427000
1.823000
1.387000
1.282000
2.085000
1.629000
1.357000
1.508000
1.389000
1.448000
1.213000
1.160000
1.687000
1.292000
1.426000
1.314000
1.535000
1.500000
1.509000
1.587000
1.519000
1.475000
1.362000
1.740000
1.682000
1.506000
1.419000
1.345000
1.514000
1.542000
1.433000
1.135000
1.216000
1.435000
1.122000
1.246000
1.474000
1.342000
1.361000
1.127000
1.282000
1.371000
1.154000
1.199000
1.360000
1.277000
1.377000
1.242000
1.214000
2.012000
1.205000
1.434000
1.327000
1.154000
1.397000
1.217000
1.146000
1.404000
1.183000
1.129000
1.362000
1.143000
1.377000
1.279000
1.200000
1.409000
1.399000
1.241000
1.483000
1.446000
1.525000
1.797000
1.513000
1.517000
1.332000
1.144000
1.276000
1.146000
1.143000
1.089000
1.081000
1.438000
1.111000
1.088000
1.339000
1.131000
1.110000
1.244000
1.225000
1.200000
1.333000
1.132000
1.262000
1.193000
1.294000
1.401000
1.322000
1.404000
1.099000
1.295000
1.500000
1.314000
1.289000
2.631000
1.314000
1.323000
1.097000
1.286000
1.411000
1.215000
1.235000
1.284000
1.183000
1.341000
1.170000
1.242000
1.495000
1.153000
1.067000
1.253000
1.288000
1.292000
1.138000
1.074000
1.364000
1.171000
1.060000
1.309000
1.161000
1.129000
1.324000
1.053000
1.246000
1.434000
1.174000
1.369000
1.384000
1.346000
1.375000
1.251000
1.230000
1.133000
1.114000
1.339000
1.028000
1.338000
1.417000
1.166000
1.364000
1.272000
1.202000
1.494000
1.324000
1.112000
1.291000
1.043000
1.076000
1.251000
1.514000
1.303000
1.116000
1.133000
1.342000
1.389000
1.205000
1.212000
1.144000
