1.450000
1.299000
1.351000
1.375000
1.491000
1.317000
1.258000
1.470000
1.280000
1.285000
1.628000
1.327000
1.209000
1.461000
1.269000
1.332000
1.506000
1.803000
1.379000
1.345000
1.330000
1.302000
1.250000
1.488000
1.359000
1.531000
1.545000
1.421000
1.405000
1.450000
1.304000
1.459000
1.367000
1.333000
1.634000
1.490000
1.388000
1.408000
1.492000
1.445000
1.148000
1.374000
1.502000
1.375000
1.268000
1.568000
1.413000
1.338000
1.310000
1.348000
1.449000
1.306000
1.394000
1.490000
1.339000
1.390000
1.376000
1.387000
1.535000
1.435000
1.214000
1.368000
1.344000
1.266000
1.451000
1.231000
1.472000
1.449000
1.389000
1.412000
1.314000
1.299000
1.329000
1.284000
1.550000
1.635000
2.360000
1.818000
1.510000
1.359000
1.287000
1.457000
1.610000
1.294000
1.063000
1.304000
1.258000
1.254000
1.457000
1.085000
1.170000
1.221000
1.151000
1.278000
1.153000
1.247000
1.492000
1.256000
1.200000
1.440000
3.343000
1.314000
1.221000
1.433000
1.482000
1.324000
1.778000
1.341000
1.404000
1.483000
1.300000
1.160000
1.370000
1.371000
1.316000
1.150000
1.146000
1.427000
1.089000
1.264000
1.444000
1.116000
1.154000
1.332000
1.126000
1.225000
1.362000
1.201000
1.434000
1.335000
1.254000
1.346000
1.431000
1.514000
1.631000
1.505000
1.691000
1.340000
1.393000
1.195000
1.343000
1.491000
1.345000
1.401000
1.477000
1.358000
1.408000
1.097000
1.136000
1.264000
1.184000
1.341000
1.197000
1.239000
1.415000
1.145000
1.170000
1.384000
1.197000
1.443000
1.215000
1.044000
1.435000
1.294000
1.156000
1.281000
1.174000
1.180000
1.354000
1.413000
1.490000
1.268000
1.175000
1.611000
1.326000
1.189000
1.303000
1.265000
1.365000
1.246000
1.097000
1.302000
1.539000
1.327000
1.403000
1.237000
1.267000
1.322000
1.218000
1.131000
1.254000
1.159000
1.343000
1.201000
1.105000
1.429000
1.326000
1.380000
1.257000
1.228000
1.304000
1.418000
1.196000
1.477000
1.774000
1.569000
1.648000
1.259000
1.120000
1.407000
1.441000
1.296000
1.054000
1.173000
1.307000
1.079000
1.272000
1.157000
1.127000
1.336000
1.159000
1.152000
1.368000
1.199000
1.110000
1.338000
1.095000
1.098000
1.203000
1.146000
1.252000
1.371000
1.362000
1.414000
1.433000
1.378000
1.379000
1.185000
1.258000
1.193000
1.167000
1.305000
1.313000
1.154000
1.249000
1.007000
1.070000
1.174000
1.165000
1.330000
1.041000
1.083000
1.409000
1.359000
1.205000
1.224000
1.103000
1.200000
1.242000
0.998000
1.244000
0.990000
2.269000
1.193000
1.032000
1.167000
1.326000
1.161000
1.334000
1.275000
1.284000
1.363000
1.222000
1.002000
1.305000
1.357000
1.220000
1.124000
1.010000
1.149000
1.059000
1.092000
1.332000
1.251000
1.095000
1.309000
1.060000
1.057000
1.167000
1.075000
1.180000
1.567000
1.089000
1.194000
1.044000
1.084000
1.363000
1.118000
1.078000
1.156000
