1.603000
1.552000
1.561000
1.551000
1.525000
1.468000
1.530000
1.460000
1.403000
1.592000
1.542000
1.716000
1.691000
1.547000
1.502000
1.456000
1.524000
1.481000
1.574000
1.523000
1.465000
1.611000
1.432000
1.435000
1.575000
1.532000
1.515000
1.526000
1.325000
1.266000
1.397000
1.174000
1.313000
1.496000
1.562000
1.501000
1.229000
1.258000
1.407000
1.397000
1.345000
1.345000
1.196000
1.535000
1.482000
1.571000
1.524000
1.404000
1.296000
1.463000
1.306000
1.529000
1.564000
1.380000
1.484000
1.343000
1.451000
1.416000
1.409000
1.526000
1.389000
1.358000
1.645000
1.294000
1.448000
1.447000
1.502000
1.488000
1.199000
1.520000
1.500000
1.339000
1.387000
1.549000
1.353000
1.685000
2.245000
1.508000
1.566000
1.184000
1.437000
1.327000
1.240000
1.377000
1.330000
1.366000
1.287000
1.220000
1.382000
1.452000
1.262000
1.362000
1.400000
1.521000
1.390000
1.363000
1.551000
1.295000
1.214000
1.344000
1.259000
1.319000
1.409000
1.343000
1.392000
1.279000
1.155000
1.515000
1.550000
1.415000
1.274000
1.254000
1.538000
1.351000
1.258000
1.385000
1.276000
1.220000
1.340000
1.768000
1.433000
1.256000
1.284000
1.447000
1.164000
1.309000
1.382000
1.455000
1.541000
1.469000
1.286000
1.387000
1.167000
1.211000
1.511000
1.281000
1.477000
1.499000
1.354000
1.765000
1.366000
1.520000
1.401000
1.156000
1.252000
1.492000
1.260000
1.383000
1.119000
1.222000
1.411000
1.134000
1.141000
1.372000
1.370000
1.450000
1.483000
1.315000
1.434000
1.233000
1.211000
1.281000
1.301000
1.515000
1.190000
1.217000
1.425000
1.307000
1.420000
1.543000
1.403000
1.413000
1.403000
1.329000
1.502000
1.278000
1.274000
1.345000
1.522000
1.495000
1.448000
1.276000
1.483000
1.338000
1.361000
1.358000
1.350000
1.471000
1.228000
1.302000
1.463000
1.553000
1.457000
1.359000
1.253000
1.401000
1.187000
1.512000
1.482000
1.302000
1.485000
1.398000
1.283000
1.403000
1.921000
1.482000
1.478000
1.811000
1.546000
1.411000
1.304000
1.371000
1.496000
1.461000
1.220000
1.332000
1.408000
1.216000
1.343000
1.243000
1.069000
1.170000
1.254000
1.140000
1.333000
1.223000
1.095000
1.234000
1.196000
1.130000
1.440000
1.356000
1.383000
1.506000
1.339000
1.423000
1.176000
1.344000
1.384000
1.125000
1.326000
1.382000
1.184000
1.460000
1.330000
1.139000
1.420000
1.571000
1.609000
1.738000
1.458000
1.358000
1.240000
1.326000
1.316000
1.105000
1.334000
1.150000
1.449000
1.117000
1.137000
1.384000
1.197000
1.141000
1.254000
1.226000
1.241000
1.370000
1.340000
1.479000
1.251000
1.014000
1.324000
1.321000
1.156000
1.318000
1.252000
1.440000
1.043000
1.261000
1.235000
1.109000
1.385000
1.356000
1.173000
1.418000
1.289000
1.032000
1.183000
1.248000
1.316000
1.383000
1.299000
1.211000
1.274000
1.114000
1.447000
1.427000
1.062000
1.227000
