1.511000
1.454000
1.435000
1.542000
1.516000
1.431000
1.423000
1.508000
1.323000
1.691000
1.439000
1.398000
1.710000
1.581000
1.271000
1.585000
1.282000
1.317000
1.354000
1.300000
1.144000
1.286000
1.404000
1.146000
1.501000
1.314000
1.324000
1.307000
1.347000
1.231000
1.277000
1.436000
1.257000
1.466000
4.093000
1.579000
1.488000
1.246000
1.205000
1.274000
1.302000
1.350000
1.237000
1.675000
1.372000
1.239000
1.368000
1.233000
1.349000
1.352000
1.434000
1.460000
1.353000
1.253000
1.318000
1.211000
1.299000
1.223000
1.466000
1.460000
1.336000
1.329000
1.471000
1.389000
1.500000
1.334000
1.266000
1.356000
1.239000
1.266000
1.121000
1.298000
1.264000
1.700000
1.397000
1.526000
2.559000
1.437000
1.303000
1.476000
1.215000
1.321000
1.460000
1.324000
1.309000
1.420000
1.289000
1.375000
1.177000
1.139000
1.218000
1.270000
1.292000
1.257000
1.362000
1.311000
1.403000
1.252000
1.261000
1.225000
1.511000
1.402000
1.190000
1.255000
1.440000
1.485000
1.312000
1.537000
1.400000
1.554000
1.295000
1.342000
1.474000
1.541000
1.366000
1.442000
1.264000
1.350000
1.188000
1.642000
1.452000
1.384000
1.219000
1.392000
1.255000
1.247000
1.248000
1.198000
1.528000
1.343000
1.360000
1.256000
1.246000
1.268000
1.399000
1.319000
1.369000
1.222000
1.338000
1.341000
1.504000
1.410000
1.434000
1.414000
1.190000
1.322000
1.245000
1.261000
1.168000
1.318000
1.317000
1.289000
1.152000
1.125000
1.382000
1.647000
1.265000
1.284000
1.469000
1.222000
1.355000
1.244000
1.535000
1.315000
1.281000
1.099000
1.148000
1.132000
1.319000
1.386000
1.361000
1.437000
1.315000
1.166000
1.250000
1.076000
1.232000
1.314000
1.308000
1.253000
1.326000
1.244000
1.334000
1.461000
1.422000
1.270000
1.351000
1.240000
1.258000
1.218000
1.303000
1.106000
1.312000
1.378000
1.193000
1.256000
1.117000
1.488000
1.438000
1.550000
1.591000
1.456000
1.686000
1.589000
1.967000
1.773000
1.474000
1.422000
1.140000
1.186000
1.198000
1.140000
1.084000
1.244000
1.198000
1.157000
1.071000
1.041000
1.263000
1.190000
1.314000
1.075000
1.132000
1.171000
1.070000
1.245000
1.159000
1.138000
1.141000
1.076000
1.156000
1.127000
1.189000
1.272000
1.267000
1.044000
1.266000
1.244000
1.152000
1.184000
1.349000
1.483000
1.500000
1.132000
1.147000
1.061000
1.078000
1.096000
1.123000
1.251000
1.033000
1.331000
1.179000
1.171000
1.077000
1.078000
1.127000
0.995000
1.348000
1.559000
1.247000
1.388000
1.205000
1.141000
1.111000
1.121000
1.129000
1.142000
1.228000
1.212000
1.265000
1.320000
1.078000
1.315000
1.051000
1.186000
1.024000
0.988000
1.193000
1.187000
1.254000
1.054000
1.103000
1.290000
1.242000
1.141000
1.123000
1.281000
1.183000
1.161000
1.047000
1.436000
1.240000
1.098000
1.039000
1.031000
1.193000
1.307000
1.205000
1.055000
