1.506000
1.390000
1.387000
1.383000
1.433000
1.515000
1.311000
1.277000
1.399000
1.235000
1.517000
1.665000
1.725000
1.618000
1.270000
1.497000
1.761000
1.380000
1.544000
1.785000
1.676000
1.367000
1.353000
1.384000
1.528000
1.530000
1.482000
1.332000
1.396000
1.366000
5.542000
1.372000
1.235000
1.553000
1.433000
1.465000
1.417000
1.337000
1.251000
1.467000
1.345000
1.398000
1.281000
1.480000
1.604000
1.619000
1.374000
1.465000
1.427000
1.378000
1.197000
1.379000
2.465000
1.651000
1.536000
1.818000
1.470000
1.401000
1.733000
2.157000
2.386000
1.324000
1.495000
1.596000
1.595000
1.571000
1.503000
1.310000
1.335000
1.286000
1.559000
1.387000
1.463000
1.423000
1.452000
1.650000
2.702000
1.545000
1.527000
1.415000
1.450000
1.521000
1.377000
1.437000
1.334000
1.318000
1.468000
1.346000
1.546000
1.317000
1.256000
1.468000
1.350000
1.333000
1.413000
1.243000
1.375000
1.440000
1.208000
1.425000
1.275000
1.384000
1.431000
1.258000
1.256000
1.214000
1.493000
1.310000
1.425000
1.431000
1.447000
1.139000
1.302000
1.418000
1.305000
1.308000
1.377000
1.253000
1.549000
1.748000
1.506000
1.474000
1.413000
1.472000
1.144000
1.205000
1.478000
1.289000
1.343000
1.391000
1.097000
1.144000
1.290000
1.265000
1.504000
1.464000
1.284000
1.522000
1.430000
1.429000
1.442000
1.444000
1.491000
1.333000
1.171000
1.426000
1.235000
1.346000
1.249000
1.099000
1.370000
1.146000
1.131000
1.403000
1.499000
1.324000
1.298000
1.262000
1.450000
1.243000
1.442000
1.289000
1.420000
1.472000
1.284000
1.370000
1.432000
1.421000
1.081000
1.619000
1.339000
1.289000
1.199000
1.377000
1.319000
1.111000
1.108000
1.443000
1.195000
1.560000
1.376000
1.140000
1.373000
1.241000
1.210000
1.304000
1.475000
1.302000
1.276000
1.109000
1.185000
1.288000
1.322000
1.438000
1.258000
1.229000
1.358000
1.246000
1.245000
1.609000
1.434000
1.582000
1.299000
1.297000
1.802000
1.499000
1.790000
1.297000
1.168000
1.399000
1.138000
1.181000
1.149000
1.155000
1.193000
1.207000
1.339000
1.321000
1.130000
1.430000
1.352000
3.643000
1.193000
1.220000
1.175000
1.203000
1.080000
1.122000
1.340000
1.068000
1.300000
1.172000
1.188000
1.424000
1.945000
1.214000
1.425000
1.403000
1.247000
1.169000
1.202000
1.345000
1.216000
1.350000
1.270000
1.067000
1.254000
1.254000
1.473000
1.454000
1.373000
1.348000
1.438000
1.154000
1.221000
1.254000
1.151000
1.291000
1.374000
1.052000
1.280000
1.092000
1.140000
1.235000
1.355000
1.208000
1.448000
1.438000
1.542000
1.382000
1.257000
1.410000
1.146000
1.283000
1.121000
1.262000
1.359000
1.263000
1.060000
1.294000
1.077000
1.151000
1.331000
1.242000
1.418000
1.304000
1.070000
1.396000
1.354000
1.260000
1.209000
1.453000
1.255000
1.103000
1.266000
1.413000
1.162000
1.318000
1.181000
1.148000
