1.320000
1.495000
1.249000
1.195000
1.626000
1.285000
1.325000
1.433000
1.365000
1.334000
1.282000
1.265000
1.909000
1.385000
1.346000
1.485000
1.438000
1.342000
1.312000
1.288000
1.431000
1.113000
1.186000
1.557000
1.327000
1.369000
1.422000
1.326000
1.391000
1.265000
1.142000
1.592000
1.368000
1.189000
1.477000
1.345000
1.310000
1.367000
1.415000
1.494000
1.407000
1.383000
1.425000
1.158000
1.404000
1.408000
1.307000
1.416000
1.225000
1.282000
1.380000
1.316000
1.430000
1.330000
1.214000
1.245000
1.423000
1.300000
1.425000
1.246000
1.239000
1.415000
1.373000
1.417000
1.454000
1.320000
1.490000
1.419000
1.163000
1.518000
1.187000
1.231000
1.301000
1.231000
1.514000
1.545000
2.353000
1.480000
1.255000
1.351000
1.168000
1.143000
1.401000
1.326000
1.215000
1.323000
1.122000
1.239000
1.322000
1.216000
1.244000
1.244000
1.289000
1.297000
1.057000
1.179000
1.436000
1.142000
1.101000
1.304000
1.167000
1.266000
1.213000
1.276000
1.324000
1.425000
1.228000
1.531000
1.263000
1.318000
1.281000
1.235000
1.437000
1.215000
1.098000
1.358000
1.324000
1.201000
1.398000
1.549000
1.519000
1.328000
1.409000
1.498000
1.227000
1.025000
1.465000
1.343000
1.410000
1.208000
1.092000
1.340000
1.258000
1.269000
1.325000
1.295000
1.260000
1.327000
1.160000
1.407000
1.461000
1.472000
1.480000
1.093000
1.141000
1.409000
1.199000
1.050000
1.348000
1.236000
1.273000
1.093000
1.086000
1.394000
1.375000
1.379000
1.487000
1.395000
1.374000
1.297000
1.160000
1.405000
1.371000
1.363000
1.249000
1.108000
1.189000
1.251000
1.146000
1.468000
1.233000
1.403000
1.378000
1.309000
1.169000
1.383000
1.164000
1.322000
1.195000
1.238000
1.279000
1.162000
1.116000
1.360000
1.313000
1.092000
1.240000
1.166000
1.242000
1.139000
1.198000
1.331000
1.165000
1.325000
1.397000
1.345000
1.364000
1.409000
1.378000
1.416000
1.278000
1.262000
1.345000
1.272000
1.433000
1.641000
1.273000
1.249000
1.172000
1.131000
1.229000
1.099000
1.043000
1.334000
1.270000
1.125000
1.195000
1.040000
1.232000
1.410000
1.534000
1.635000
1.189000
1.148000
1.328000
1.196000
1.160000
1.220000
1.672000
1.302000
1.180000
1.464000
1.394000
1.377000
1.513000
1.398000
1.247000
1.307000
1.116000
1.207000
1.166000
1.335000
1.290000
1.072000
1.010000
1.207000
1.168000
1.177000
1.149000
1.037000
1.267000
1.095000
1.128000
1.378000
1.094000
1.201000
1.267000
1.035000
1.102000
1.277000
1.184000
1.139000
1.059000
1.076000
1.243000
1.035000
1.239000
1.225000
1.295000
1.310000
1.365000
1.231000
1.339000
1.099000
1.318000
1.320000
1.094000
0.995000
1.270000
1.111000
1.272000
1.248000
1.080000
1.392000
1.046000
1.183000
1.375000
1.119000
1.089000
1.352000
1.069000
1.185000
1.248000
1.123000
1.271000
0.999000
1.057000
1.267000
1.025000
1.070000
