1.520000
1.405000
1.272000
1.504000
1.412000
1.348000
1.323000
1.390000
1.602000
1.399000
1.275000
1.350000
1.664000
1.494000
1.510000
1.267000
1.416000
1.470000
1.271000
1.351000
1.320000
1.208000
1.484000
1.317000
1.255000
1.427000
1.461000
1.535000
1.387000
1.373000
1.422000
1.307000
1.442000
1.437000
1.540000
1.452000
1.414000
1.286000
1.388000
1.296000
1.308000
1.409000
1.210000
1.240000
1.630000
1.980000
1.543000
1.556000
1.389000
1.446000
1.367000
1.440000
1.389000
1.248000
1.377000
1.222000
1.206000
1.376000
1.408000
1.386000
1.339000
1.261000
1.368000
1.347000
1.389000
1.343000
1.251000
1.328000
1.452000
1.437000
1.376000
1.342000
1.369000
1.440000
1.281000
1.503000
2.741000
1.420000
1.346000
1.316000
1.198000
1.371000
1.344000
1.198000
1.563000
1.265000
1.143000
1.298000
1.197000
1.136000
1.374000
1.358000
1.373000
1.233000
1.239000
1.531000
1.302000
1.342000
1.417000
1.185000
1.200000
1.449000
1.288000
1.329000
1.273000
1.158000
1.361000
1.338000
1.553000
1.503000
1.581000
1.621000
1.234000
1.306000
1.417000
1.217000
1.223000
1.361000
1.233000
1.462000
1.403000
1.272000
1.539000
1.287000
1.202000
1.345000
1.280000
1.245000
1.427000
1.352000
1.344000
1.224000
1.198000
1.420000
1.321000
1.236000
1.313000
4.303000
1.343000
1.448000
1.588000
1.568000
1.432000
1.568000
2.461000
2.417000
1.465000
3.844000
1.669000
1.607000
1.525000
1.849000
1.454000
1.623000
1.526000
1.830000
1.820000
1.501000
1.455000
1.593000
1.611000
2.012000
1.551000
1.636000
1.410000
1.590000
2.736000
1.688000
1.614000
1.598000
1.874000
1.451000
1.440000
1.616000
2.202000
1.452000
1.512000
1.691000
1.613000
1.495000
1.589000
2.614000
1.543000
1.402000
1.646000
1.463000
1.665000
1.445000
1.408000
1.618000
1.430000
1.414000
1.568000
1.503000
1.881000
2.214000
1.655000
1.648000
2.512000
1.709000
1.448000
1.553000
1.429000
1.866000
2.140000
1.672000
1.539000
1.512000
1.571000
1.637000
1.476000
1.694000
1.901000
1.436000
1.585000
1.595000
1.497000
1.668000
1.430000
1.489000
1.422000
1.424000
1.979000
1.600000
1.912000
1.503000
1.609000
1.436000
1.389000
1.648000
1.648000
1.703000
1.550000
1.393000
1.417000
1.472000
1.681000
1.709000
1.794000
1.533000
1.501000
1.489000
1.483000
1.590000
1.585000
1.361000
1.305000
1.221000
1.180000
1.222000
1.056000
1.191000
1.176000
1.302000
1.381000
1.156000
1.644000
1.862000
1.344000
1.514000
1.193000
1.252000
1.290000
1.194000
1.160000
1.285000
1.235000
1.491000
1.352000
1.391000
1.468000
1.487000
1.248000
1.216000
1.354000
1.297000
1.266000
1.144000
1.144000
1.181000
1.286000
1.240000
1.269000
1.262000
1.256000
1.346000
1.178000
1.745000
1.221000
1.435000
1.291000
1.843000
1.227000
1.179000
1.314000
1.120000
1.114000
1.181000
1.256000
1.113000
