1.491000
1.436000
1.541000
1.592000
1.644000
1.520000
1.569000
1.465000
1.448000
1.306000
1.157000
1.562000
1.751000
1.691000
1.414000
1.423000
1.685000
1.380000
1.318000
1.411000
1.402000
1.335000
1.499000
1.157000
1.512000
1.438000
1.352000
1.486000
1.534000
1.345000
1.356000
1.290000
1.424000
1.427000
1.466000
1.591000
1.189000
1.379000
1.685000
1.807000
1.668000
1.598000
1.474000
1.505000
1.471000
1.517000
1.468000
1.416000
1.352000
1.460000
1.443000
1.320000
1.437000
1.429000
1.377000
1.194000
1.446000
1.332000
1.416000
1.391000
1.347000
1.474000
1.414000
1.362000
1.468000
1.252000
1.401000
1.488000
1.239000
1.418000
1.405000
1.431000
1.385000
1.160000
1.548000
1.476000
2.565000
1.534000
1.235000
1.250000
1.286000
1.243000
1.512000
1.287000
1.188000
1.367000
1.420000
1.345000
1.374000
1.235000
1.227000
1.389000
1.424000
1.446000
1.238000
1.410000
1.547000
1.394000
1.415000
1.294000
1.118000
1.522000
1.325000
1.487000
1.547000
1.258000
1.162000
1.592000
1.404000
1.550000
1.185000
1.203000
1.393000
1.291000
1.188000
1.281000
1.205000
1.451000
1.345000
1.440000
1.504000
1.319000
1.333000
1.320000
1.244000
1.341000
1.248000
1.373000
1.493000
1.338000
1.340000
1.283000
1.200000
1.304000
1.347000
1.236000
1.378000
1.115000
1.057000
1.422000
1.358000
1.385000
1.758000
1.395000
1.346000
1.284000
1.261000
1.337000
1.138000
1.111000
1.309000
1.175000
1.130000
1.223000
1.191000
1.368000
1.246000
1.257000
1.329000
1.211000
1.333000
1.191000
1.336000
1.398000
1.150000
1.076000
1.450000
1.206000
1.340000
1.544000
1.203000
1.314000
1.493000
1.386000
1.476000
1.344000
1.056000
1.405000
1.070000
1.267000
1.177000
1.094000
1.357000
1.318000
1.245000
1.414000
1.378000
1.307000
1.264000
1.369000
1.406000
1.443000
1.267000
1.621000
1.450000
1.416000
1.369000
1.415000
1.562000
1.504000
1.347000
1.583000
2.056000
1.984000
2.064000
1.587000
1.774000
1.466000
1.271000
1.414000
1.381000
1.362000
1.449000
1.422000
3.018000
1.209000
1.221000
1.172000
1.199000
1.195000
1.040000
1.110000
1.243000
1.072000
1.057000
1.301000
1.147000
1.329000
1.224000
1.229000
1.305000
1.135000
1.161000
1.543000
1.431000
1.360000
1.257000
1.270000
1.500000
1.242000
1.226000
1.309000
1.173000
1.146000
1.166000
1.039000
1.316000
1.273000
1.370000
1.163000
1.216000
1.679000
1.248000
1.254000
1.216000
1.039000
1.112000
1.267000
1.086000
1.207000
1.379000
1.469000
1.540000
1.219000
1.272000
1.482000
1.192000
1.206000
1.398000
1.366000
1.443000
1.179000
1.129000
1.381000
1.174000
1.243000
1.157000
1.169000
1.160000
1.231000
1.100000
1.301000
1.219000
1.424000
1.395000
1.277000
1.274000
1.081000
1.086000
1.299000
1.185000
1.594000
1.272000
1.009000
1.253000
1.108000
1.126000
1.753000
1.265000
1.158000
