2.376000
1.987000
1.526000
1.443000
1.486000
1.444000
1.361000
1.521000
1.423000
1.342000
1.574000
1.340000
1.393000
1.384000
1.436000
1.648000
1.429000
1.661000
1.658000
1.479000
1.416000
1.379000
1.455000
1.423000
1.211000
1.436000
1.366000
1.594000
1.508000
1.491000
1.484000
1.380000
1.205000
1.445000
1.504000
1.361000
1.361000
1.312000
1.461000
1.342000
1.399000
1.487000
1.414000
1.445000
1.537000
1.454000
1.572000
1.351000
1.153000
1.424000
1.467000
1.480000
1.610000
1.638000
1.410000
1.402000
1.340000
1.366000
1.402000
1.422000
1.569000
1.250000
5.979000
1.540000
1.547000
1.437000
1.387000
1.418000
1.359000
1.359000
1.513000
1.573000
1.439000
1.495000
1.635000
1.768000
2.866000
1.761000
1.421000
1.626000
1.600000
1.422000
1.445000
1.398000
1.440000
1.525000
1.496000
1.575000
1.350000
1.229000
1.311000
1.125000
1.550000
1.552000
1.401000
1.472000
1.297000
1.083000
1.111000
1.287000
1.121000
1.193000
1.330000
1.473000
1.384000
1.411000
1.352000
1.377000
1.628000
1.486000
1.281000
1.265000
1.223000
1.418000
1.238000
1.388000
1.349000
1.560000
1.511000
1.369000
1.439000
1.375000
1.257000
1.299000
1.335000
1.265000
1.315000
1.533000
1.265000
1.469000
1.257000
1.300000
3.912000
1.247000
1.462000
1.201000
1.160000
1.418000
1.332000
1.459000
1.713000
1.628000
1.489000
1.399000
1.288000
1.333000
1.360000
1.323000
1.352000
1.391000
1.369000
1.401000
1.435000
1.265000
1.186000
1.324000
1.168000
1.403000
1.359000
1.285000
1.381000
1.282000
1.268000
1.512000
1.246000
1.368000
1.217000
1.202000
1.375000
1.340000
1.286000
1.529000
1.426000
1.521000
1.390000
1.344000
1.341000
1.282000
1.308000
1.277000
1.214000
1.491000
3.783000
1.452000
1.410000
1.395000
1.453000
1.197000
1.147000
1.258000
1.158000
1.233000
1.325000
1.423000
1.682000
1.522000
1.440000
1.505000
1.369000
1.386000
1.163000
1.260000
1.651000
1.566000
2.274000
1.853000
1.508000
1.298000
1.289000
1.349000
1.292000
1.228000
1.144000
7.810000
1.391000
1.174000
1.427000
1.268000
1.150000
1.373000
1.626000
1.333000
1.247000
1.147000
1.470000
1.478000
1.263000
1.271000
1.168000
1.288000
1.179000
1.213000
1.474000
1.474000
1.523000
1.396000
3.178000
1.313000
1.163000
1.194000
1.164000
1.265000
1.160000
1.115000
1.238000
1.353000
1.511000
1.407000
1.375000
1.315000
1.242000
1.188000
1.298000
1.163000
3.218000
1.356000
1.117000
1.480000
1.294000
1.493000
1.285000
1.249000
1.320000
1.118000
1.246000
1.408000
1.288000
1.427000
1.393000
1.484000
1.496000
1.345000
2.226000
1.300000
1.359000
1.263000
1.085000
1.255000
1.314000
1.200000
1.298000
1.223000
1.240000
1.508000
1.285000
1.283000
1.220000
1.327000
1.464000
1.205000
1.241000
1.675000
1.286000
1.345000
1.271000
1.091000
1.297000
1.229000
1.084000
1.271000
