1.353000
1.576000
1.254000
1.413000
1.595000
1.273000
1.502000
1.305000
1.514000
1.618000
1.456000
1.298000
1.832000
1.412000
1.436000
1.393000
1.574000
1.426000
1.480000
1.495000
1.367000
1.195000
1.520000
1.224000
1.358000
1.507000
1.335000
1.462000
1.493000
1.395000
1.412000
1.451000
1.247000
1.432000
1.662000
1.623000
1.314000
1.359000
1.465000
1.290000
1.284000
1.377000
1.335000
1.427000
1.486000
1.326000
1.463000
1.178000
1.417000
1.450000
1.205000
1.380000
1.418000
1.226000
1.476000
1.282000
1.311000
1.483000
1.510000
1.397000
1.378000
1.463000
1.528000
1.219000
1.351000
1.468000
1.284000
1.556000
1.338000
1.218000
1.516000
1.183000
1.227000
1.423000
1.501000
1.726000
2.464000
1.498000
1.497000
1.329000
1.187000
1.431000
1.494000
1.248000
1.238000
1.156000
1.388000
1.325000
1.338000
1.397000
1.500000
1.345000
1.269000
1.429000
1.421000
1.317000
1.418000
1.906000
1.603000
1.867000
2.149000
1.618000
1.669000
1.749000
1.759000
1.539000
1.453000
1.442000
1.903000
2.241000
1.576000
1.485000
1.399000
1.369000
1.455000
1.391000
1.400000
1.361000
1.381000
1.525000
1.518000
1.411000
1.280000
1.455000
1.350000
1.384000
1.436000
1.276000
1.436000
1.421000
1.313000
1.415000
1.312000
1.450000
1.365000
1.450000
1.401000
1.249000
1.251000
1.310000
1.287000
1.598000
1.334000
1.281000
1.485000
1.644000
1.623000
1.408000
1.188000
1.408000
1.473000
1.189000
1.288000
1.366000
1.502000
1.337000
1.526000
1.506000
1.170000
1.333000
1.302000
1.340000
1.534000
1.387000
1.229000
1.344000
1.320000
1.410000
1.201000
1.339000
1.434000
1.278000
1.141000
1.382000
1.289000
1.221000
1.233000
1.299000
1.399000
1.408000
1.139000
1.355000
1.406000
1.487000
1.341000
1.475000
1.482000
1.243000
1.154000
1.245000
1.128000
1.435000
1.348000
1.223000
1.385000
1.128000
1.372000
1.387000
1.265000
1.301000
1.465000
1.203000
1.419000
1.301000
1.828000
1.586000
1.772000
1.507000
1.155000
1.362000
1.341000
1.088000
1.370000
1.178000
1.103000
1.441000
1.106000
1.082000
1.288000
1.249000
1.131000
1.346000
1.258000
1.373000
1.172000
1.181000
1.336000
1.373000
1.102000
1.338000
1.244000
1.197000
1.306000
1.463000
1.556000
1.363000
1.351000
1.351000
1.448000
1.411000
1.211000
1.452000
1.382000
1.198000
1.251000
1.478000
1.272000
1.313000
1.350000
1.267000
1.461000
1.330000
1.295000
1.440000
1.289000
1.240000
1.312000
1.305000
1.126000
1.159000
1.396000
1.319000
1.400000
1.567000
1.322000
1.372000
1.336000
1.225000
1.266000
1.376000
1.412000
1.187000
1.041000
1.297000
1.215000
1.174000
1.214000
1.331000
1.282000
1.187000
1.159000
1.398000
1.241000
1.357000
1.390000
1.466000
1.274000
1.052000
1.091000
1.325000
1.442000
1.627000
1.346000
1.142000
1.297000
1.214000
1.297000
1.246000
1.289000
1.121000
