1.255000
1.484000
1.366000
1.440000
1.493000
1.284000
1.571000
1.435000
1.286000
1.479000
1.516000
1.348000
1.960000
1.347000
1.449000
1.448000
1.541000
1.476000
1.565000
1.770000
1.354000
1.172000
1.368000
1.470000
1.478000
1.517000
1.483000
1.525000
1.552000
1.296000
1.557000
1.456000
1.217000
1.556000
1.711000
1.385000
1.318000
1.434000
1.475000
1.189000
1.166000
1.382000
1.244000
1.290000
1.525000
1.456000
1.445000
1.467000
1.468000
1.482000
1.330000
1.470000
1.452000
1.432000
1.482000
1.313000
1.261000
1.657000
1.301000
1.366000
1.370000
1.327000
1.509000
1.439000
1.340000
1.616000
1.374000
1.470000
1.415000
1.441000
1.486000
1.339000
1.261000
1.547000
1.376000
1.420000
2.631000
1.509000
1.456000
1.380000
1.168000
1.398000
1.314000
1.367000
1.399000
1.233000
1.373000
1.447000
1.428000
1.459000
1.415000
1.247000
1.311000
1.134000
1.395000
1.301000
1.323000
1.524000
1.659000
1.432000
1.334000
1.338000
1.545000
1.316000
1.284000
1.612000
1.300000
1.242000
1.418000
1.330000
1.427000
1.418000
1.210000
1.494000
1.146000
1.142000
1.257000
1.461000
1.473000
1.316000
1.591000
1.339000
1.161000
1.220000
1.418000
1.139000
1.445000
1.300000
1.376000
1.462000
1.273000
1.198000
1.417000
1.155000
1.310000
1.477000
1.252000
1.495000
1.194000
1.243000
1.489000
1.146000
1.366000
1.387000
1.241000
1.515000
1.465000
1.242000
1.403000
1.197000
1.220000
1.281000
1.262000
1.241000
1.346000
1.163000
1.522000
1.277000
1.441000
1.309000
1.194000
1.197000
1.546000
1.467000
1.296000
1.180000
1.278000
1.348000
1.133000
1.400000
1.375000
1.407000
1.417000
1.268000
1.200000
1.345000
1.218000
1.375000
1.369000
1.160000
1.238000
1.233000
1.362000
1.460000
1.467000
1.115000
1.277000
1.117000
1.257000
1.196000
1.226000
1.351000
1.413000
1.274000
1.437000
1.237000
1.420000
1.429000
1.222000
1.505000
1.390000
1.225000
1.424000
1.267000
1.452000
1.699000
1.283000
1.436000
1.233000
1.123000
1.334000
1.424000
1.689000
1.419000
1.426000
1.534000
1.391000
1.288000
1.220000
1.217000
1.286000
1.032000
1.284000
1.248000
1.131000
1.230000
1.341000
1.290000
1.294000
1.309000
1.301000
1.253000
1.282000
1.385000
1.444000
1.057000
1.225000
1.155000
1.124000
1.421000
1.357000
1.272000
1.395000
1.338000
1.274000
1.254000
1.339000
1.456000
1.518000
1.351000
1.297000
1.005000
1.277000
1.246000
1.241000
1.451000
1.314000
1.160000
1.262000
1.200000
1.121000
1.141000
1.196000
1.240000
1.384000
1.276000
1.362000
1.169000
1.357000
1.587000
1.242000
1.378000
1.232000
1.083000
1.303000
1.175000
1.149000
1.339000
1.093000
1.182000
1.277000
1.264000
1.326000
1.314000
1.186000
1.321000
1.308000
1.285000
1.319000
1.012000
1.385000
1.565000
1.279000
1.267000
1.155000
1.122000
1.193000
1.090000
1.352000
1.102000
