1.310000
1.261000
1.223000
1.328000
1.269000
1.361000
1.332000
1.217000
1.269000
1.427000
1.414000
1.515000
1.459000
1.489000
1.304000
1.377000
1.311000
1.260000
1.469000
1.365000
1.228000
1.396000
1.212000
1.233000
1.548000
1.259000
1.333000
1.477000
1.339000
1.369000
1.372000
1.230000
1.506000
1.302000
1.282000
1.553000
1.253000
1.441000
1.371000
1.180000
1.434000
1.279000
1.122000
1.388000
1.497000
1.603000
1.221000
1.238000
1.531000
1.272000
1.252000
1.519000
1.224000
1.222000
1.439000
1.213000
1.452000
1.285000
1.323000
1.511000
1.187000
1.179000
1.457000
1.344000
1.334000
1.394000
1.466000
1.523000
1.310000
1.266000
1.520000
0.997000
1.268000
1.396000
1.303000
1.748000
2.611000
1.608000
1.385000
1.257000
1.220000
1.325000
1.235000
1.340000
1.219000
1.347000
1.440000
1.383000
1.364000
1.320000
1.258000
1.389000
1.327000
1.175000
1.268000
1.318000
1.197000
1.374000
1.164000
1.171000
1.299000
1.328000
1.262000
1.370000
1.129000
1.370000
1.127000
1.153000
1.450000
1.538000
1.288000
1.342000
1.215000
1.415000
1.292000
1.298000
1.343000
1.137000
1.059000
1.641000
1.281000
1.128000
1.289000
1.381000
1.437000
1.497000
1.450000
1.400000
1.394000
1.393000
1.218000
1.200000
1.190000
1.980000
1.241000
1.393000
1.232000
1.195000
1.308000
1.181000
1.327000
1.481000
1.340000
1.321000
1.148000
1.270000
1.334000
1.143000
1.050000
1.206000
1.136000
1.225000
1.257000
1.138000
1.428000
1.323000
1.234000
1.397000
1.136000
1.038000
1.390000
1.279000
1.337000
1.303000
1.058000
1.250000
1.204000
1.324000
1.310000
1.359000
1.344000
1.357000
1.131000
1.169000
1.272000
1.226000
1.454000
1.136000
1.068000
1.150000
1.398000
1.449000
1.194000
1.275000
1.388000
1.073000
1.126000
1.249000
1.118000
1.289000
1.092000
1.102000
1.357000
1.315000
1.200000
1.266000
1.283000
1.457000
1.185000
1.305000
1.463000
1.206000
1.196000
1.369000
1.689000
1.687000
1.352000
1.174000
1.239000
1.169000
1.162000
1.177000
1.036000
1.227000
1.173000
1.077000
1.272000
1.148000
1.198000
1.317000
1.260000
1.025000
1.388000
1.096000
1.085000
1.202000
1.270000
1.331000
1.116000
1.147000
1.241000
1.395000
1.442000
1.903000
1.454000
1.285000
1.174000
1.136000
1.261000
1.457000
1.279000
1.259000
1.297000
1.261000
1.013000
1.151000
1.212000
1.070000
1.226000
1.200000
1.078000
1.342000
1.230000
1.164000
1.340000
1.085000
1.067000
1.488000
1.373000
1.295000
1.264000
1.137000
1.316000
1.945000
1.174000
1.224000
1.244000
1.272000
1.331000
1.388000
1.353000
1.127000
1.087000
1.189000
1.136000
1.092000
1.209000
1.184000
1.406000
1.211000
1.002000
1.384000
1.158000
1.240000
1.345000
1.269000
1.112000
1.163000
1.014000
1.133000
1.180000
1.573000
1.291000
1.258000
1.281000
1.363000
1.362000
1.359000
1.208000
1.017000
