1.238000
1.422000
1.465000
1.362000
1.537000
1.293000
1.235000
1.411000
1.306000
1.213000
1.545000
1.419000
1.761000
1.668000
1.488000
1.568000
1.336000
1.342000
1.363000
1.178000
1.272000
1.247000
1.201000
1.449000
1.488000
1.272000
1.462000
1.351000
1.315000
1.317000
1.127000
1.478000
1.419000
1.401000
1.741000
1.422000
1.260000
1.379000
1.627000
1.445000
1.205000
1.387000
1.334000
1.386000
1.442000
1.461000
1.262000
1.417000
1.213000
1.384000
1.358000
1.691000
1.391000
1.319000
1.178000
1.482000
1.571000
1.381000
1.359000
1.289000
1.372000
1.323000
1.457000
1.572000
1.406000
1.394000
1.487000
1.391000
1.500000
1.292000
1.289000
1.396000
1.183000
1.297000
1.457000
1.457000
2.428000
1.435000
1.384000
1.632000
1.346000
1.187000
1.355000
1.140000
1.441000
1.213000
1.135000
1.364000
1.443000
1.266000
1.425000
1.185000
1.333000
1.233000
1.421000
1.399000
1.178000
1.109000
1.360000
1.185000
1.331000
1.416000
1.322000
1.407000
1.094000
1.267000
1.395000
1.230000
1.276000
1.318000
1.299000
1.409000
1.309000
1.350000
1.223000
1.473000
1.321000
1.170000
1.251000
1.636000
1.441000
1.361000
1.419000
1.121000
1.081000
1.221000
1.189000
1.415000
1.425000
1.259000
1.316000
1.095000
1.215000
1.361000
1.300000
1.312000
1.252000
1.117000
1.357000
1.390000
1.386000
1.490000
1.216000
1.307000
1.377000
1.365000
1.370000
1.354000
1.346000
1.404000
1.300000
1.398000
1.343000
1.187000
1.339000
1.271000
1.178000
1.373000
1.193000
1.139000
1.233000
1.060000
1.359000
1.409000
1.100000
1.319000
1.277000
1.226000
1.466000
1.457000
1.447000
1.313000
1.190000
1.401000
1.125000
1.074000
1.313000
1.435000
1.600000
1.897000
1.532000
1.622000
1.268000
1.303000
1.373000
1.286000
1.315000
1.269000
1.123000
1.298000
1.194000
1.348000
1.314000
1.236000
1.276000
1.190000
1.260000
1.496000
1.354000
1.191000
1.476000
1.205000
1.320000
1.455000
1.856000
1.656000
1.257000
1.154000
1.354000
1.086000
1.291000
1.154000
1.241000
1.321000
1.147000
1.031000
1.303000
1.176000
1.121000
1.316000
1.169000
1.006000
1.298000
1.386000
1.261000
1.292000
1.044000
1.287000
1.195000
1.163000
1.312000
1.083000
1.215000
1.334000
1.250000
1.126000
1.203000
1.239000
1.307000
1.042000
1.186000
1.290000
1.185000
1.215000
1.276000
1.387000
1.393000
1.189000
1.036000
1.305000
1.095000
1.040000
1.268000
1.086000
1.224000
1.110000
1.261000
1.242000
1.167000
1.080000
1.253000
1.055000
1.202000
1.343000
1.040000
1.026000
1.225000
1.067000
1.290000
1.230000
1.276000
1.204000
0.972000
1.012000
1.325000
1.210000
1.137000
1.250000
1.099000
1.120000
1.289000
1.098000
1.256000
1.179000
1.215000
1.314000
1.065000
1.016000
1.312000
1.123000
1.258000
1.522000
0.969000
1.206000
1.099000
1.010000
1.278000
1.147000
1.030000
1.293000
