1.432000
1.492000
1.273000
1.585000
1.579000
1.294000
1.502000
1.382000
1.326000
1.441000
1.524000
1.533000
1.679000
1.404000
1.266000
1.356000
1.362000
1.488000
1.204000
1.339000
1.422000
1.183000
1.218000
1.413000
1.385000
1.275000
1.527000
1.368000
1.455000
1.242000
1.327000
1.394000
1.283000
1.249000
1.756000
1.410000
1.207000
1.295000
1.242000
1.399000
1.132000
1.149000
1.399000
1.288000
1.247000
1.484000
1.379000
1.334000
1.247000
1.185000
1.331000
1.313000
1.519000
1.522000
1.277000
1.394000
1.417000
1.176000
1.513000
1.324000
1.251000
1.430000
1.249000
1.190000
1.366000
1.331000
1.359000
1.411000
1.386000
1.465000
1.291000
1.150000
1.314000
1.271000
1.467000
1.642000
2.434000
1.575000
1.392000
1.324000
1.335000
1.212000
1.295000
1.261000
1.135000
1.317000
1.252000
1.272000
1.542000
1.297000
1.156000
1.452000
1.179000
1.128000
1.316000
1.361000
1.339000
1.345000
1.236000
1.361000
1.113000
1.171000
1.671000
1.063000
1.458000
1.475000
1.195000
1.511000
1.209000
1.355000
1.381000
1.276000
1.240000
1.269000
1.167000
1.253000
1.142000
1.224000
1.390000
1.471000
1.311000
1.383000
1.225000
1.215000
1.429000
1.531000
1.494000
1.540000
1.533000
1.379000
1.301000
1.296000
1.128000
1.450000
1.432000
1.204000
1.336000
1.186000
1.150000
1.404000
1.350000
1.372000
1.496000
1.302000
1.326000
1.302000
1.293000
1.467000
1.097000
1.187000
1.404000
1.079000
1.215000
1.338000
1.323000
1.264000
1.276000
1.256000
1.359000
1.173000
1.317000
1.299000
1.442000
1.460000
1.317000
1.418000
1.422000
1.121000
1.165000
1.418000
1.151000
1.107000
1.256000
1.168000
1.209000
1.259000
1.208000
1.424000
1.199000
1.200000
1.355000
1.104000
1.173000
1.528000
1.116000
1.107000
1.226000
1.203000
1.413000
1.161000
1.049000
1.338000
1.199000
1.314000
1.342000
1.255000
1.389000
1.364000
1.172000
1.441000
1.265000
1.343000
1.422000
1.257000
1.707000
1.632000
1.325000
1.396000
1.371000
1.241000
1.308000
1.074000
1.192000
1.206000
1.201000
1.419000
1.227000
1.099000
1.325000
1.032000
1.141000
1.279000
1.185000
1.049000
1.220000
1.376000
1.095000
1.263000
1.153000
1.461000
1.338000
1.369000
1.467000
1.111000
1.154000
1.299000
1.346000
1.431000
1.098000
1.111000
1.307000
1.372000
1.357000
1.300000
1.077000
1.236000
1.155000
1.110000
1.502000
1.118000
1.059000
1.291000
1.177000
1.151000
1.308000
1.098000
1.032000
1.214000
1.099000
1.022000
1.114000
1.162000
1.329000
1.167000
1.026000
1.328000
1.140000
1.174000
1.382000
1.379000
1.372000
1.169000
1.036000
1.302000
1.086000
1.051000
1.324000
1.056000
1.123000
1.277000
1.078000
1.200000
1.397000
1.208000
1.245000
1.221000
1.108000
1.246000
1.117000
1.071000
1.277000
1.496000
1.044000
1.119000
1.134000
1.171000
1.153000
1.178000
1.346000
1.085000
