1.442000
1.355000
1.383000
1.438000
1.534000
1.286000
1.437000
1.473000
1.543000
1.518000
1.394000
1.307000
1.362000
1.386000
1.514000
1.475000
1.590000
1.383000
1.325000
1.335000
1.451000
1.306000
1.398000
1.445000
1.348000
1.394000
1.673000
1.490000
1.516000
1.814000
1.515000
1.552000
1.523000
1.534000
1.651000
1.464000
1.476000
1.445000
1.457000
1.395000
1.408000
1.338000
1.290000
1.402000
1.544000
1.533000
1.441000
1.290000
1.395000
1.434000
1.357000
1.472000
1.465000
1.296000
1.382000
1.263000
1.534000
1.232000
1.216000
1.557000
1.235000
1.248000
1.432000
1.277000
1.201000
1.148000
1.513000
1.355000
1.363000
1.434000
1.476000
1.535000
1.267000
1.299000
1.454000
1.520000
2.366000
1.441000
1.386000
1.502000
1.392000
1.340000
1.585000
1.492000
1.512000
1.425000
1.209000
1.462000
1.214000
1.217000
1.404000
1.420000
1.528000
1.307000
1.409000
1.445000
1.221000
1.282000
1.296000
1.173000
1.477000
1.362000
1.202000
1.362000
1.193000
1.309000
1.278000
1.367000
1.535000
1.400000
1.248000
1.344000
1.262000
1.358000
1.346000
1.218000
1.308000
1.268000
1.195000
1.703000
1.580000
1.383000
1.360000
1.243000
1.188000
1.306000
1.276000
1.506000
1.310000
1.408000
1.309000
1.272000
1.243000
1.250000
1.387000
1.504000
1.314000
1.209000
1.412000
1.348000
1.456000
1.536000
1.043000
1.240000
1.449000
1.373000
1.380000
1.188000
1.133000
1.433000
1.423000
1.237000
1.553000
1.428000
1.383000
1.310000
1.454000
1.419000
1.228000
1.448000
1.370000
1.173000
1.314000
1.399000
1.210000
1.419000
1.307000
1.380000
1.260000
1.369000
1.443000
1.232000
1.163000
1.278000
1.262000
1.245000
1.434000
1.344000
1.386000
1.278000
1.135000
1.297000
1.305000
1.348000
1.326000
1.152000
1.275000
1.271000
1.197000
1.264000
1.142000
1.203000
1.349000
1.311000
1.309000
1.241000
1.319000
1.384000
1.284000
1.295000
1.406000
1.330000
1.281000
1.431000
1.870000
1.432000
1.524000
1.288000
1.338000
1.346000
1.279000
1.250000
1.138000
1.316000
1.274000
1.161000
1.447000
1.456000
1.399000
1.526000
1.630000
1.373000
1.206000
1.442000
1.298000
1.237000
1.439000
1.192000
1.219000
1.337000
1.265000
1.156000
1.255000
1.299000
1.476000
1.321000
1.281000
1.213000
1.178000
1.192000
1.320000
1.354000
1.422000
1.169000
1.086000
1.235000
1.203000
1.344000
1.348000
1.238000
1.213000
1.184000
1.159000
1.288000
1.308000
1.277000
1.280000
1.249000
1.362000
1.348000
1.374000
1.273000
1.249000
1.227000
1.238000
1.033000
1.304000
1.423000
1.510000
1.468000
1.285000
1.326000
1.403000
1.345000
1.475000
1.311000
1.292000
1.310000
1.288000
1.199000
1.348000
1.213000
1.234000
1.422000
1.311000
1.336000
1.135000
1.359000
1.241000
1.214000
1.458000
1.712000
1.197000
1.270000
1.155000
1.204000
1.201000
1.157000
1.247000
1.142000
