1.428000
1.663000
1.427000
1.461000
1.551000
1.384000
1.503000
1.542000
1.418000
1.447000
1.377000
1.319000
1.786000
1.505000
1.380000
1.468000
1.496000
1.467000
1.232000
1.318000
1.429000
1.257000
1.283000
1.376000
1.324000
1.360000
1.439000
1.437000
1.484000
1.345000
1.283000
1.402000
1.317000
1.242000
1.663000
1.487000
1.305000
1.378000
1.299000
1.343000
1.289000
1.186000
1.481000
1.237000
1.534000
1.519000
1.639000
1.633000
1.776000
1.577000
1.662000
1.537000
1.631000
1.476000
1.502000
1.829000
1.603000
1.470000
1.535000
1.500000
1.462000
1.485000
1.499000
1.361000
1.504000
1.496000
1.383000
1.489000
1.253000
1.402000
1.666000
1.455000
1.302000
1.479000
1.351000
1.758000
2.732000
1.394000
1.495000
1.298000
1.265000
1.286000
1.318000
1.366000
1.728000
1.281000
1.294000
1.448000
1.437000
1.302000
1.351000
1.497000
1.911000
2.275000
1.650000
1.689000
1.508000
1.535000
1.471000
1.469000
1.502000
1.211000
1.161000
1.344000
1.276000
1.213000
1.308000
1.430000
1.410000
1.300000
1.376000
1.345000
1.104000
1.262000
1.316000
1.085000
1.079000
1.323000
1.310000
2.666000
1.559000
1.421000
1.324000
1.456000
1.495000
1.348000
1.347000
1.432000
1.395000
1.406000
1.272000
1.447000
1.198000
1.287000
1.410000
1.307000
1.242000
1.299000
1.132000
1.422000
1.271000
1.294000
1.350000
1.141000
1.179000
1.476000
1.251000
1.189000
1.171000
1.038000
1.330000
1.222000
1.164000
1.382000
1.217000
1.162000
1.361000
1.296000
1.214000
1.228000
1.219000
1.199000
1.356000
1.329000
1.298000
1.258000
1.294000
1.393000
1.153000
1.353000
1.322000
1.169000
1.223000
1.254000
1.185000
1.277000
1.107000
1.230000
1.385000
1.086000
1.055000
1.339000
1.539000
1.540000
1.395000
1.444000
1.350000
1.410000
1.399000
1.323000
1.223000
1.518000
1.329000
1.129000
1.432000
1.142000
1.298000
1.349000
1.136000
1.429000
1.461000
1.140000
1.378000
1.276000
1.731000
1.516000
1.447000
1.171000
1.192000
1.154000
1.309000
1.121000
1.152000
1.341000
1.168000
1.004000
1.290000
1.036000
1.170000
1.197000
1.039000
1.059000
1.230000
1.134000
1.217000
1.158000
1.037000
1.183000
1.085000
1.150000
1.264000
1.001000
1.113000
1.324000
1.266000
1.127000
1.211000
1.109000
1.251000
1.260000
1.260000
1.309000
1.269000
1.242000
1.215000
1.109000
1.136000
1.267000
1.338000
1.397000
1.279000
1.182000
1.284000
1.151000
1.241000
1.339000
1.165000
1.291000
1.320000
1.159000
1.388000
1.312000
1.327000
1.262000
1.400000
1.249000
1.271000
1.371000
1.281000
1.450000
1.456000
1.254000
1.121000
1.204000
1.200000
1.273000
1.184000
1.124000
1.219000
1.123000
1.207000
1.251000
1.190000
1.250000
1.271000
1.246000
1.234000
1.161000
1.163000
1.267000
1.426000
1.524000
1.114000
1.166000
1.269000
1.100000
1.098000
1.315000
1.028000
1.080000
