1.616000
1.517000
1.423000
1.605000
1.454000
1.292000
1.626000
1.455000
1.721000
1.680000
1.456000
1.525000
1.596000
1.570000
1.363000
1.325000
1.597000
1.232000
1.327000
1.472000
1.357000
1.267000
1.231000
1.301000
1.480000
1.282000
1.433000
1.479000
1.209000
1.331000
1.313000
1.183000
1.544000
1.331000
1.346000
1.708000
1.235000
1.194000
1.575000
1.278000
1.315000
1.381000
1.224000
1.402000
1.322000
1.363000
1.437000
1.198000
1.195000
1.472000
1.279000
1.432000
1.377000
1.278000
1.412000
1.238000
1.396000
1.432000
1.364000
1.397000
1.436000
1.176000
1.452000
1.368000
1.228000
1.549000
1.436000
1.399000
1.322000
1.166000
1.365000
1.346000
1.353000
1.589000
1.314000
1.412000
2.612000
1.561000
1.644000
2.243000
1.637000
1.342000
1.429000
1.375000
1.201000
1.320000
1.334000
1.264000
1.297000
1.255000
1.415000
1.484000
1.320000
1.176000
1.467000
1.243000
1.282000
1.265000
1.121000
2.363000
1.185000
1.308000
1.356000
1.180000
1.182000
1.423000
1.214000
1.330000
1.378000
1.480000
1.450000
1.176000
1.172000
1.363000
1.246000
1.176000
1.313000
1.180000
1.253000
1.307000
1.308000
1.337000
1.182000
1.403000
1.313000
1.101000
1.175000
1.438000
1.285000
3.857000
2.585000
1.452000
1.663000
1.403000
1.467000
1.513000
1.538000
1.494000
1.468000
1.499000
1.657000
1.675000
1.422000
1.129000
1.331000
1.361000
1.325000
1.321000
1.264000
1.263000
1.433000
1.161000
1.226000
1.210000
1.350000
1.326000
1.280000
1.356000
1.281000
1.203000
1.237000
1.321000
1.195000
2.299000
1.257000
1.144000
1.359000
1.167000
1.283000
1.391000
1.357000
1.487000
1.459000
1.214000
1.188000
1.240000
1.297000
1.293000
1.155000
1.495000
1.379000
1.156000
1.410000
1.188000
1.333000
1.337000
1.251000
1.379000
1.210000
1.047000
1.316000
1.230000
1.192000
1.500000
1.257000
1.338000
1.355000
1.483000
1.412000
1.442000
1.465000
1.458000
1.202000
1.224000
1.653000
1.573000
1.425000
1.218000
1.256000
1.343000
1.043000
1.073000
1.156000
1.230000
1.267000
1.344000
1.205000
1.301000
1.081000
1.328000
1.270000
1.056000
1.078000
1.254000
1.222000
1.236000
1.230000
1.236000
1.341000
1.081000
1.166000
1.274000
1.336000
1.287000
1.358000
1.068000
1.415000
1.206000
1.359000
1.396000
1.145000
1.332000
1.284000
1.155000
1.266000
1.245000
1.133000
1.325000
1.201000
1.185000
1.226000
1.064000
1.239000
1.330000
1.194000
1.278000
1.054000
1.070000
1.302000
1.015000
1.021000
1.187000
1.086000
1.556000
1.197000
1.137000
1.409000
1.426000
1.376000
1.539000
1.385000
1.326000
1.079000
1.089000
1.325000
1.217000
1.221000
1.218000
1.038000
1.161000
1.086000
1.017000
1.329000
1.212000
1.245000
1.383000
1.066000
1.121000
1.074000
1.083000
1.253000
1.521000
1.020000
1.211000
1.065000
1.061000
1.280000
1.167000
1.085000
1.117000
