1.435000
1.344000
1.427000
1.447000
1.425000
1.569000
1.391000
1.497000
1.533000
1.429000
1.763000
1.426000
1.803000
1.458000
1.427000
1.733000
1.539000
1.359000
1.397000
1.419000
1.449000
1.386000
1.386000
1.514000
1.480000
1.380000
1.577000
1.651000
1.355000
1.391000
1.380000
1.433000
1.249000
1.353000
1.769000
1.415000
1.188000
1.450000
1.262000
1.797000
1.330000
1.399000
1.352000
1.254000
1.422000
1.516000
1.245000
1.286000
1.405000
1.382000
1.373000
2.319000
1.915000
1.633000
1.620000
1.557000
1.387000
1.371000
1.381000
1.487000
1.502000
1.595000
1.858000
1.669000
1.644000
1.473000
1.319000
1.542000
1.324000
1.214000
1.592000
1.087000
1.413000
1.653000
1.758000
3.023000
2.668000
1.533000
1.493000
1.161000
1.397000
1.372000
1.398000
1.341000
1.230000
1.426000
1.469000
1.438000
1.401000
1.166000
1.287000
1.412000
1.202000
1.342000
1.399000
1.367000
1.354000
1.539000
1.231000
1.315000
1.313000
1.243000
1.385000
1.384000
1.537000
1.461000
1.430000
6.477000
1.364000
1.374000
1.318000
1.355000
1.436000
1.361000
1.514000
1.435000
1.543000
1.313000
1.113000
1.764000
1.385000
1.203000
1.350000
1.345000
1.397000
1.294000
1.240000
1.463000
1.269000
1.328000
1.489000
1.270000
1.145000
1.439000
1.214000
1.254000
1.453000
1.378000
1.428000
1.408000
1.481000
1.486000
1.267000
1.315000
1.120000
1.452000
1.411000
1.315000
1.331000
1.351000
1.242000
1.362000
1.347000
1.166000
2.529000
1.216000
1.451000
1.413000
1.417000
1.362000
1.498000
1.486000
1.523000
1.537000
1.287000
1.616000
1.591000
1.362000
1.370000
1.403000
1.219000
1.326000
1.330000
1.346000
1.313000
1.117000
6.405000
1.297000
1.399000
1.430000
1.199000
1.440000
1.301000
1.243000
1.407000
1.160000
1.245000
1.184000
1.239000
1.327000
1.137000
1.209000
1.460000
1.450000
1.427000
1.871000
1.726000
1.466000
1.385000
1.551000
1.406000
1.289000
1.482000
1.369000
1.819000
1.586000
1.453000
1.359000
1.325000
1.327000
1.404000
1.365000
1.310000
1.468000
1.293000
2.137000
1.241000
1.270000
1.277000
1.167000
1.294000
1.175000
1.184000
1.284000
1.292000
1.288000
1.181000
1.197000
1.345000
1.119000
1.234000
1.264000
1.178000
1.322000
1.572000
1.223000
1.347000
1.239000
1.205000
1.489000
1.149000
1.175000
1.305000
1.222000
1.217000
1.217000
1.169000
1.343000
1.345000
1.243000
1.316000
1.034000
1.098000
1.342000
1.141000
1.357000
1.082000
1.045000
1.382000
1.179000
1.317000
1.400000
1.420000
1.271000
1.378000
1.383000
1.368000
1.390000
1.365000
1.346000
1.342000
1.179000
1.451000
1.315000
1.119000
1.354000
1.274000
1.135000
1.323000
1.234000
1.334000
1.195000
1.188000
1.384000
1.071000
1.258000
1.232000
1.202000
1.261000
1.337000
1.269000
1.634000
1.440000
1.316000
1.278000
1.201000
1.363000
1.281000
1.199000
1.237000
