1.521000
1.439000
1.534000
1.490000
1.351000
1.251000
1.481000
1.446000
1.363000
1.371000
1.607000
1.490000
2.034000
1.587000
1.370000
1.333000
1.299000
1.371000
1.356000
1.394000
1.317000
1.559000
1.295000
1.364000
1.401000
1.379000
1.705000
1.606000
1.376000
1.294000
1.524000
1.529000
1.502000
1.521000
1.394000
1.458000
1.359000
1.313000
1.429000
1.263000
1.378000
1.351000
1.317000
1.250000
1.611000
1.555000
1.399000
1.308000
1.234000
1.322000
1.365000
1.405000
1.565000
1.384000
1.295000
1.428000
1.515000
1.690000
1.710000
1.722000
1.569000
1.781000
1.522000
1.414000
1.605000
1.826000
1.615000
1.898000
1.628000
1.542000
1.444000
1.487000
1.563000
1.552000
1.599000
1.799000
3.148000
1.745000
1.516000
1.673000
1.435000
1.482000
1.490000
1.456000
1.475000
1.486000
1.410000
1.430000
1.536000
1.405000
1.385000
1.412000
1.394000
1.423000
1.467000
1.597000
1.656000
1.481000
1.497000
1.410000
1.683000
1.509000
1.735000
1.471000
1.321000
1.556000
1.596000
1.684000
1.530000
1.766000
1.414000
1.486000
1.496000
1.521000
1.434000
1.689000
1.392000
1.345000
1.456000
1.597000
1.669000
1.526000
1.423000
1.340000
1.175000
1.296000
1.251000
1.414000
1.359000
1.246000
1.457000
1.173000
1.128000
1.159000
1.360000
1.451000
1.431000
1.337000
1.281000
1.231000
1.436000
1.562000
1.399000
1.607000
1.269000
1.468000
1.280000
1.303000
1.155000
1.312000
1.265000
1.269000
1.237000
1.703000
1.534000
1.428000
1.548000
1.583000
1.290000
1.148000
1.411000
1.257000
1.536000
1.389000
1.136000
1.179000
1.235000
1.341000
1.269000
1.326000
1.319000
1.361000
1.240000
1.325000
1.417000
1.268000
1.204000
1.280000
1.129000
1.161000
1.268000
1.384000
1.446000
1.454000
1.225000
1.186000
1.309000
1.272000
1.240000
1.241000
1.160000
1.176000
1.377000
1.265000
1.276000
1.366000
1.468000
1.455000
1.491000
1.255000
1.503000
1.508000
1.308000
1.500000
1.767000
1.569000
1.494000
1.174000
1.380000
1.669000
1.378000
1.547000
1.393000
1.289000
1.200000
1.169000
1.128000
1.029000
1.205000
1.288000
1.261000
1.246000
1.228000
1.233000
1.309000
1.332000
1.411000
1.224000
1.217000
1.055000
1.088000
1.218000
1.408000
1.314000
1.282000
1.340000
1.311000
1.358000
1.199000
1.226000
1.428000
2.689000
1.642000
1.950000
1.411000
1.486000
1.504000
1.550000
7.450000
1.206000
1.191000
1.296000
2.891000
1.262000
1.343000
1.280000
1.268000
1.189000
1.467000
1.195000
1.148000
1.123000
1.209000
1.094000
1.124000
1.282000
1.525000
1.367000
1.313000
1.504000
1.411000
1.374000
1.296000
1.386000
1.302000
1.410000
1.394000
1.376000
1.308000
1.334000
1.240000
1.382000
1.224000
1.261000
1.139000
1.247000
1.296000
1.096000
1.331000
1.046000
1.117000
1.544000
1.259000
1.042000
1.419000
1.150000
1.151000
1.346000
1.114000
1.266000
