1.414000
1.196000
1.245000
1.214000
1.273000
1.296000
1.243000
1.144000
1.186000
1.140000
1.162000
1.176000
1.416000
1.363000
1.212000
1.174000
1.221000
1.414000
1.580000
1.256000
2.250000
1.796000
1.715000
1.878000
1.439000
1.377000
1.420000
2.160000
1.713000
1.346000
1.416000
1.530000
1.330000
1.456000
1.971000
2.548000
1.821000
4.085000
4.536000
2.022000
1.726000
1.652000
1.583000
1.261000
1.363000
1.382000
1.216000
1.267000
1.486000
1.319000
1.349000
1.245000
1.192000
1.247000
1.331000
1.230000
1.245000
1.366000
1.257000
1.168000
1.190000
1.211000
1.176000
1.248000
1.155000
1.231000
1.184000
1.161000
1.159000
1.204000
1.102000
1.293000
1.141000
1.280000
1.198000
1.267000
1.727000
1.205000
1.152000
1.219000
1.144000
1.074000
1.089000
1.159000
1.110000
1.144000
1.204000
1.189000
1.190000
1.471000
1.310000
1.206000
1.454000
1.133000
1.417000
1.383000
1.309000
1.208000
1.150000
1.114000
1.101000
1.094000
1.116000
1.052000
1.110000
1.229000
1.170000
1.288000
2.171000
1.238000
1.119000
1.195000
1.286000
1.150000
1.205000
1.090000
1.123000
1.312000
1.179000
1.367000
1.285000
1.277000
1.136000
1.081000
1.109000
1.089000
1.102000
1.082000
1.120000
1.082000
1.084000
1.072000
1.238000
1.105000
1.115000
1.079000
1.094000
1.055000
1.037000
1.099000
1.172000
1.155000
1.076000
1.096000
1.114000
2.040000
3.586000
2.077000
2.421000
1.206000
1.589000
1.510000
1.480000
1.522000
1.745000
1.860000
1.594000
1.961000
3.320000
1.786000
1.329000
8.440000
1.233000
1.323000
1.088000
1.611000
1.108000
1.062000
1.074000
1.225000
1.078000
1.315000
1.077000
1.078000
0.998000
1.158000
1.217000
1.236000
2.064000
1.220000
1.226000
1.218000
1.207000
2.999000
1.920000
2.333000
1.894000
1.273000
1.137000
1.139000
1.111000
1.062000
1.127000
1.127000
1.137000
1.096000
1.131000
1.234000
1.098000
1.205000
1.127000
1.217000
1.154000
1.221000
1.592000
1.747000
1.344000
1.182000
1.357000
1.017000
1.083000
1.297000
2.216000
1.520000
5.459000
1.285000
1.187000
1.183000
1.552000
1.205000
1.224000
1.201000
1.127000
1.327000
1.216000
1.494000
1.171000
1.259000
1.314000
1.212000
2.703000
1.333000
1.234000
1.079000
1.118000
1.019000
1.076000
1.036000
1.037000
1.051000
1.037000
1.115000
1.075000
1.089000
0.953000
1.030000
0.950000
1.178000
0.958000
1.020000
1.045000
0.974000
0.948000
1.015000
1.061000
1.089000
1.010000
0.980000
1.011000
1.127000
1.096000
1.043000
1.128000
1.210000
1.255000
1.182000
1.088000
1.787000
2.500000
1.718000
1.148000
1.060000
1.083000
1.110000
1.013000
1.043000
1.057000
1.050000
0.988000
0.962000
1.012000
1.039000
1.044000
1.139000
1.125000
1.061000
0.988000
0.979000
1.065000
0.969000
1.071000
1.569000
1.005000
1.020000
0.982000
1.170000
0.990000
0.945000
1.045000
1.048000
