1.404000
1.460000
1.513000
1.411000
1.349000
1.588000
1.441000
1.394000
1.423000
1.507000
1.435000
1.363000
1.737000
1.505000
1.292000
1.480000
1.366000
1.231000
1.219000
1.588000
1.419000
1.348000
1.645000
1.449000
3.183000
1.586000
1.660000
1.536000
1.509000
1.356000
1.341000
1.297000
1.357000
1.270000
1.668000
1.419000
1.225000
1.296000
1.579000
1.875000
1.574000
1.440000
1.434000
1.713000
1.564000
2.060000
2.344000
2.021000
2.074000
1.628000
1.557000
1.704000
1.378000
1.234000
3.153000
3.038000
1.671000
1.522000
3.728000
1.388000
1.348000
1.354000
1.458000
1.447000
1.379000
1.505000
1.253000
1.526000
1.585000
1.356000
1.630000
1.339000
1.218000
1.252000
1.369000
1.550000
2.549000
1.745000
1.391000
1.550000
1.569000
1.486000
1.391000
1.364000
1.203000
1.289000
1.338000
1.265000
1.233000
1.156000
1.189000
1.261000
1.210000
1.127000
1.306000
1.320000
1.422000
1.155000
1.198000
1.389000
1.255000
1.330000
1.319000
1.291000
1.258000
1.473000
1.186000
1.386000
1.487000
1.337000
1.364000
4.867000
1.229000
1.524000
1.398000
1.601000
1.377000
1.236000
1.478000
1.344000
1.533000
1.363000
1.190000
1.283000
1.362000
1.124000
1.337000
1.235000
1.488000
1.408000
3.651000
1.533000
1.404000
1.347000
1.619000
1.423000
1.298000
1.181000
1.256000
1.430000
7.202000
1.605000
1.663000
1.352000
1.281000
1.436000
1.389000
13.628000
1.711000
2.465000
3.681000
1.896000
3.755000
2.015000
9.238000
1.978000
15.881000
1.588000
3.234000
1.397000
1.484000
1.306000
1.397000
1.289000
1.289000
1.547000
1.439000
1.476000
1.330000
1.640000
2.358000
1.458000
1.428000
1.390000
1.571000
1.420000
2.293000
1.538000
1.530000
1.433000
5.726000
1.689000
1.472000
1.639000
2.370000
1.239000
2.202000
1.303000
1.319000
1.539000
1.321000
1.273000
1.271000
1.252000
1.207000
1.210000
1.339000
1.458000
1.332000
1.492000
1.335000
1.437000
1.823000
1.467000
1.875000
1.779000
1.524000
1.778000
1.311000
1.370000
1.280000
1.308000
1.441000
1.373000
1.169000
1.285000
1.262000
1.171000
1.329000
1.171000
1.261000
2.002000
1.647000
1.313000
1.330000
1.411000
1.568000
1.410000
1.269000
1.291000
1.530000
1.436000
1.560000
1.648000
1.140000
1.161000
1.347000
1.333000
5.072000
1.326000
1.401000
1.272000
1.281000
1.372000
1.263000
1.427000
1.856000
1.513000
1.409000
1.364000
1.157000
1.338000
2.207000
1.301000
1.220000
1.285000
1.137000
1.343000
1.324000
1.143000
1.157000
1.254000
1.448000
1.308000
1.380000
1.362000
1.383000
1.479000
1.308000
2.057000
1.339000
1.175000
1.234000
1.130000
2.067000
1.236000
1.263000
1.111000
1.167000
1.314000
1.191000
1.240000
1.265000
1.383000
1.275000
1.309000
1.156000
1.322000
1.226000
1.269000
1.641000
1.891000
1.398000
1.399000
1.347000
1.300000
1.701000
1.420000
1.319000
1.339000
