1.297000
1.363000
1.382000
1.415000
1.451000
1.386000
1.390000
1.474000
1.417000
1.230000
1.490000
1.357000
1.785000
1.393000
1.416000
1.522000
1.327000
1.110000
1.349000
1.305000
1.218000
1.258000
1.177000
1.394000
1.540000
1.656000
1.573000
1.396000
1.458000
1.447000
1.203000
1.505000
1.306000
1.422000
1.650000
1.490000
1.312000
1.391000
1.345000
1.473000
1.259000
1.321000
1.433000
1.438000
1.587000
1.553000
1.226000
1.490000
1.281000
1.397000
1.311000
1.310000
1.464000
1.384000
1.244000
1.420000
1.412000
1.396000
1.449000
1.295000
1.339000
1.448000
1.197000
1.495000
1.374000
1.201000
1.536000
1.431000
1.406000
1.307000
1.308000
1.555000
1.305000
1.278000
1.554000
1.477000
2.427000
1.627000
1.295000
1.373000
1.212000
1.122000
1.494000
1.309000
1.292000
1.369000
1.396000
1.423000
1.377000
1.358000
1.376000
1.240000
1.151000
1.410000
1.120000
1.414000
1.330000
1.276000
1.449000
1.406000
1.186000
1.356000
1.326000
1.442000
1.149000
1.231000
1.611000
1.328000
1.258000
1.585000
1.336000
1.271000
1.315000
1.184000
1.299000
1.196000
1.123000
1.409000
1.121000
1.340000
1.443000
1.224000
1.330000
1.202000
1.172000
1.311000
1.235000
1.256000
1.448000
1.219000
1.128000
1.248000
1.162000
1.292000
1.194000
1.237000
1.374000
1.257000
1.126000
1.316000
1.231000
1.435000
1.406000
1.050000
1.224000
1.261000
1.201000
1.272000
1.260000
1.068000
1.367000
1.313000
1.250000
1.188000
1.339000
1.466000
1.340000
1.307000
1.387000
1.023000
1.230000
1.287000
1.205000
1.368000
1.214000
1.271000
1.333000
1.289000
1.234000
1.483000
1.265000
1.066000
1.356000
1.360000
1.203000
1.226000
1.211000
1.382000
1.082000
1.334000
1.317000
1.227000
1.312000
1.266000
1.157000
1.295000
1.187000
1.218000
1.325000
1.121000
1.137000
1.328000
1.091000
1.282000
1.343000
1.360000
1.569000
1.187000
1.236000
1.411000
1.371000
1.388000
1.304000
1.333000
2.058000
1.549000
1.490000
1.330000
1.129000
1.360000
1.249000
1.002000
1.216000
1.297000
1.184000
1.195000
1.135000
1.432000
1.197000
1.127000
1.205000
1.166000
1.198000
1.101000
1.174000
1.343000
1.348000
1.185000
1.531000
1.355000
1.154000
1.205000
1.517000
1.391000
1.431000
1.437000
1.464000
1.255000
1.267000
1.072000
1.309000
1.352000
1.134000
1.366000
1.170000
1.049000
1.325000
1.326000
1.224000
1.175000
1.091000
1.234000
1.303000
1.195000
1.286000
1.075000
1.130000
1.302000
1.157000
1.271000
1.183000
1.129000
1.171000
1.148000
1.188000
1.337000
1.245000
1.389000
1.386000
1.401000
1.250000
1.207000
1.007000
1.119000
1.146000
1.044000
1.261000
1.079000
1.152000
1.309000
1.097000
1.250000
1.391000
1.301000
1.314000
1.349000
1.253000
1.265000
1.286000
1.163000
1.486000
1.663000
1.271000
1.199000
1.394000
1.297000
1.427000
1.263000
1.001000
1.254000
