1.511000
1.478000
1.321000
1.517000
1.620000
1.530000
1.456000
1.475000
3.242000
1.463000
1.781000
1.176000
1.606000
1.700000
1.720000
1.411000
4.994000
1.435000
1.701000
1.459000
1.410000
1.208000
1.436000
1.217000
1.571000
1.242000
1.334000
1.341000
1.350000
1.274000
1.219000
1.389000
1.257000
1.522000
1.655000
1.482000
1.370000
1.340000
1.451000
1.499000
1.197000
1.219000
1.229000
1.402000
1.331000
1.650000
1.478000
1.342000
1.396000
1.561000
1.382000
1.344000
1.441000
1.250000
1.443000
1.307000
1.378000
1.293000
1.441000
1.284000
1.456000
1.409000
1.324000
1.279000
1.489000
1.460000
1.478000
1.345000
1.375000
1.192000
1.325000
1.396000
1.428000
1.500000
1.359000
1.584000
2.677000
1.390000
1.294000
1.317000
1.314000
1.436000
1.308000
1.179000
1.296000
1.362000
1.340000
1.330000
1.357000
1.227000
1.177000
1.225000
1.297000
1.155000
1.337000
1.251000
1.529000
1.431000
1.298000
1.322000
1.359000
1.440000
1.373000
1.243000
1.346000
1.354000
1.381000
1.412000
1.315000
1.276000
1.518000
1.271000
1.370000
1.340000
1.519000
1.840000
1.325000
1.591000
1.521000
1.636000
1.463000
1.225000
1.182000
1.212000
1.142000
1.115000
1.363000
1.464000
1.340000
1.517000
1.343000
1.336000
1.244000
1.268000
1.264000
1.295000
1.254000
1.378000
1.331000
1.119000
1.436000
1.551000
1.323000
1.146000
1.091000
1.427000
1.212000
1.155000
1.179000
1.188000
1.146000
1.424000
1.188000
1.256000
1.358000
1.390000
1.380000
1.392000
1.334000
1.124000
1.325000
1.436000
1.463000
1.408000
1.239000
1.428000
1.291000
1.340000
1.269000
1.269000
1.350000
1.202000
1.303000
1.365000
1.354000
1.327000
1.407000
1.334000
1.355000
1.227000
1.188000
1.221000
1.265000
1.312000
1.310000
1.280000
1.275000
1.511000
1.429000
1.291000
1.234000
1.153000
1.165000
1.472000
1.170000
1.535000
1.305000
1.235000
1.317000
1.294000
1.336000
1.150000
1.260000
1.503000
1.884000
1.436000
1.505000
1.295000
1.199000
1.408000
1.312000
1.129000
1.235000
1.368000
1.490000
1.307000
1.272000
1.342000
1.424000
1.446000
1.110000
1.178000
1.547000
1.560000
1.210000
1.396000
1.207000
1.338000
1.264000
1.195000
1.188000
1.030000
1.225000
1.328000
1.136000
0.949000
1.171000
1.202000
1.057000
1.077000
1.096000
1.227000
1.110000
1.164000
1.098000
1.029000
1.010000
2.834000
13.674000
1.949000
3.583000
1.368000
1.389000
1.368000
1.298000
1.367000
1.718000
1.237000
1.513000
1.337000
1.450000
1.298000
1.810000
2.295000
1.316000
1.392000
1.410000
1.385000
1.292000
2.288000
1.462000
1.337000
1.357000
1.255000
1.381000
1.321000
1.287000
1.268000
1.373000
1.628000
1.329000
1.311000
1.360000
1.647000
1.429000
1.344000
1.365000
1.268000
2.150000
1.266000
1.369000
1.613000
1.344000
1.292000
1.175000
1.221000
1.362000
1.301000
1.178000
1.770000
