1.583000
1.538000
1.233000
1.555000
1.444000
1.747000
1.499000
1.454000
1.334000
1.410000
1.660000
1.320000
1.756000
1.656000
1.520000
1.376000
1.322000
1.436000
1.248000
1.612000
1.455000
1.173000
1.400000
1.540000
1.388000
1.379000
1.339000
1.599000
1.344000
1.431000
1.496000
1.899000
1.454000
1.545000
1.638000
1.562000
1.504000
1.607000
1.456000
1.176000
1.307000
1.302000
1.379000
1.513000
1.556000
4.635000
1.421000
1.274000
1.368000
1.647000
1.643000
1.468000
1.242000
1.346000
1.495000
1.402000
1.539000
1.211000
1.489000
1.391000
1.267000
1.478000
1.667000
1.300000
1.350000
1.234000
1.683000
1.500000
1.475000
1.414000
1.331000
1.234000
1.443000
1.354000
1.472000
1.615000
2.453000
1.521000
1.364000
1.292000
1.274000
1.338000
1.582000
1.641000
1.391000
1.377000
1.217000
1.443000
1.227000
1.445000
1.391000
1.224000
1.262000
1.450000
1.162000
1.500000
1.315000
1.118000
1.353000
1.264000
1.454000
1.479000
1.560000
1.370000
1.418000
1.247000
1.412000
1.489000
1.482000
1.490000
1.353000
1.480000
1.327000
1.334000
1.378000
1.244000
1.118000
1.350000
1.157000
1.504000
1.511000
1.148000
1.358000
1.310000
1.187000
1.564000
1.209000
1.352000
1.257000
1.330000
1.586000
1.253000
1.449000
1.333000
1.275000
1.233000
1.384000
1.098000
1.436000
1.329000
1.441000
1.557000
1.243000
1.478000
1.399000
1.328000
1.416000
1.430000
1.138000
1.256000
1.189000
1.183000
1.395000
1.262000
1.316000
1.406000
1.464000
1.332000
1.279000
1.189000
1.391000
1.170000
1.571000
1.347000
1.246000
1.440000
1.287000
1.317000
1.341000
1.437000
1.329000
1.371000
1.214000
1.429000
1.304000
1.321000
1.391000
1.431000
1.364000
1.264000
1.135000
1.390000
1.168000
1.473000
1.293000
1.176000
1.218000
1.460000
1.203000
1.367000
1.169000
1.431000
1.380000
1.222000
1.284000
1.480000
1.452000
1.422000
1.484000
1.319000
1.480000
1.373000
1.453000
1.269000
1.809000
1.559000
1.443000
1.319000
1.296000
1.099000
1.342000
1.092000
1.348000
1.604000
1.281000
1.402000
1.229000
1.060000
1.333000
1.134000
1.221000
1.446000
1.176000
1.265000
1.283000
1.458000
1.610000
1.458000
1.433000
1.401000
1.369000
1.436000
1.412000
1.426000
1.454000
1.132000
1.254000
1.163000
1.419000
1.325000
1.251000
1.421000
1.256000
1.098000
1.235000
1.151000
1.237000
1.367000
1.140000
1.313000
1.176000
1.098000
1.300000
1.265000
1.110000
1.228000
1.018000
1.171000
1.205000
1.039000
1.308000
1.177000
1.098000
1.331000
1.043000
1.127000
1.430000
1.234000
1.517000
1.429000
1.500000
1.466000
1.130000
1.116000
1.320000
1.372000
1.318000
1.203000
1.221000
1.369000
1.048000
1.242000
1.330000
1.365000
1.442000
1.466000
1.071000
1.239000
1.223000
1.057000
1.342000
1.588000
1.278000
1.092000
1.088000
1.258000
1.209000
1.290000
1.561000
1.269000
