1.499000
1.607000
1.431000
1.558000
1.602000
1.677000
1.530000
1.551000
1.536000
1.376000
1.416000
1.295000
1.669000
1.756000
1.411000
1.429000
1.730000
1.277000
1.458000
1.384000
1.304000
1.431000
1.317000
1.410000
1.511000
1.448000
1.797000
1.422000
1.339000
1.463000
1.347000
1.200000
1.322000
1.580000
1.360000
1.340000
1.411000
1.437000
1.426000
1.372000
1.373000
1.361000
1.396000
1.372000
1.475000
1.543000
1.344000
1.597000
1.365000
1.339000
1.454000
1.308000
1.358000
1.226000
1.267000
1.620000
1.220000
1.140000
1.425000
1.417000
1.391000
1.430000
1.425000
1.488000
1.254000
1.214000
1.422000
1.531000
1.460000
1.532000
1.608000
1.593000
1.426000
1.478000
1.466000
1.556000
2.520000
1.587000
1.422000
1.468000
1.370000
1.625000
1.522000
1.434000
1.219000
1.589000
1.408000
1.201000
1.267000
1.300000
1.281000
1.396000
1.505000
1.572000
1.353000
1.430000
1.531000
1.398000
1.584000
1.455000
1.605000
1.427000
1.450000
1.556000
1.400000
1.542000
1.388000
1.551000
1.394000
1.420000
1.205000
1.111000
1.330000
1.396000
1.390000
1.329000
1.461000
1.540000
1.360000
1.842000
1.740000
1.621000
1.272000
1.350000
1.217000
1.371000
1.511000
1.476000
1.419000
1.474000
1.351000
1.480000
1.394000
1.561000
1.567000
1.622000
1.440000
1.420000
1.396000
1.237000
1.434000
1.458000
1.514000
1.285000
1.313000
1.454000
1.235000
1.391000
1.315000
1.385000
1.605000
1.283000
2.755000
1.553000
1.367000
1.392000
1.465000
1.507000
1.542000
1.283000
1.295000
1.178000
1.334000
1.437000
1.207000
1.592000
1.563000
1.284000
1.411000
1.524000
1.433000
1.324000
2.123000
1.527000
1.332000
1.449000
1.409000
1.442000
1.352000
1.492000
1.474000
1.229000
1.334000
1.345000
1.448000
1.437000
1.267000
1.288000
1.485000
1.311000
1.407000
1.202000
1.262000
1.384000
1.170000
1.216000
1.487000
1.412000
1.420000
1.440000
1.504000
1.653000
1.292000
1.414000
1.707000
1.349000
1.692000
1.336000
1.488000
1.368000
1.180000
1.503000
1.284000
2.565000
1.494000
1.737000
1.498000
3.070000
1.457000
1.383000
1.450000
1.193000
1.057000
1.343000
1.365000
1.191000
1.293000
1.207000
1.478000
1.442000
1.488000
1.412000
1.367000
1.423000
1.364000
1.360000
1.338000
1.253000
1.221000
1.202000
1.407000
1.382000
1.210000
1.375000
1.482000
1.413000
4.007000
1.626000
2.390000
1.452000
1.687000
1.300000
1.491000
1.336000
1.175000
1.385000
1.092000
1.074000
1.280000
1.160000
1.247000
1.304000
1.408000
1.496000
1.305000
1.275000
1.270000
1.212000
1.266000
1.407000
1.218000
1.496000
1.409000
1.380000
1.316000
1.457000
1.329000
1.402000
1.346000
1.388000
1.269000
1.330000
1.274000
1.437000
1.343000
1.307000
1.228000
1.177000
1.174000
1.194000
1.075000
1.236000
1.079000
1.329000
1.218000
1.415000
1.378000
1.340000
1.195000
1.050000
